1: 1 2 3 4 5 
2: 6 7 
3: 8 9 10 11 12 13 
4: 14 15 
5: 16 17 18 19 
6: 20 
7: 21 22 23 
8: 24 25 26 
9: 27 28 
10: 29 30 
11: 31 32 33 34 
12: 35 
13: 36 
14: 37 
15: 38 39 40 
16: 41 
17: 42 43 44 45 
18: 46 47 
19: 48 49 50 51 
20: 52 53 54 55 56 
21: 57 58 59 60 
22: 61 
23: 62 63 64 65 66 67 
24: 68 69 
25: 70 71 72 73 74 
26: 75 76 77 78 
27: 79 80 81 82 83 
28: 84 85 86 
29: 87 88 89 90 91 92 
30: 93 94 
31: 95 96 97 98 99 
32: 100 101 102 
33: 103 104 105 106 
34: 107 108 
35: 109 110 111 112 113 
36: 114 
37: 115 116 117 118 
38: 119 120 121 
39: 122 123 124 125 126 
40: 127 128 129 
41: 130 131 132 133 
42: 134 135 136 137 
43: 138 139 140 141 142 143 
44: 144 145 146 
45: 147 148 149 150 
46: 151 152 153 154 
47: 155 156 157 158 
48: 159 160 161 
49: 162 163 164 165 
50: 166 
51: 167 168 
52: 169 170 171 
53: 172 173 174 175 
54: 176 177 178 
55: 179 180 181 182 
56: 183 
57: 184 185 186 
58: 187 188 189 190 
59: 191 192 193 194 
60: 195 196 
61: 197 198 
62: 199 
63: 200 201 
